10037
19412
10063
9815
9869
10014
9518
9513
9528
9501
12043
7847
9981
9464
9500
9602
9526
10016
9584
9926
7816
7826
9916
9941
7832
9950
7836
10034
10049
10026
9974
7862
10718
7860
7859
9983
7865
9640
7901
9651
9613
9650
9559
7891
9642
9533
9484
9486
7911
9864
9502
9803
9773
9747
9817
9780
8177
9755
9809
9911
9751
7962
9935
8178
8274
9716
8355
8841
8928
2166
9972
9980
7934
9860
9807
8244
8269
8336
8120
8368
8360
8388
8311
8205
8406
8241
8249
8428
8419
8418
8448
8458
8455
8454
8321
8313
8462
8332
8468
8342
8333
8354
8477
8483
8488
8491
8503
8528
8572
8499
8522
8535
8624
8542
8652
8543
8167
8174
8658
8614
8716
8725
8730
8741
8742
9902
8828
8833
8873
8888
8886
8876
8898
8934
8944
8946
8976
8995
9032
9021
9940
8104
9051
9085
9105
9022
8189
8089
8127
9187
9193
8091
9203
9229
9241
9281
9301
8548
9366
9372
8566
9422
9473
9977
8599
9403
10402
13321
10866
17995
9437
9450
10155
10356
1983
1992
1994
1995
9574
2012
2009
2008
2015
10204
2021
2019
2022
2033
2024
2041
2042
2044
1989
2061
2058
2065
2071
2066
2076
2084
2081
2094
2090
2092
2087
2176
2170
2269
2751
2788
2800
10487
2802
2838
2840
2339
2876
2054
2119
2122
9064
2135
2275
2226
2271
2415
2421
2451
2489
2653
2803
10708
2923
2977
3244
3222
9186
2529
3457
3563
3453
2929
3650
8145
3845
3900
3952
3944
3999
4050
4100
4101
3508
4167
3500
3556
3519
4365
4405
4393
4441
4616
4764
4878
4877
4895
4646
4962
4967
5047
5088
5094
5111
4450
5299
5319
5305
5417
5456
5548
5624
5475
5939
6012
5604
6585
6841
6758
6787
6931
7014
7017
7397
7364
7339
7359
7433
7595
7577
7536
7660
7460
7689
7752
7722
7681
10091
7474
7772
7586
7690
10110
7716
10119
10219
21568
10144
11959
20530
10133
22264
25840
24425
27185
24719
19563
26939
26938
26114
21225
23403
23000
23141
19569
23436
23734
24433
24409
21896
20709
23516
21290
24772
20390
20224
9968
9465
9825
9488
9992
9882
9569
9871
9538
9609
9419
9470
9460
9457
9933
9554
7767
9888
7827
7829
9943
7834
9962
7845
9567
10171
9504
9536
7858
9593
9887
7866
9622
9645
7887
7902
9690
9557
7907
9635
9964
9595
7766
9540
7910
9539
9658
9758
9830
7931
9752
9835
9770
9910
7938
9727
9659
9731
9831
7997
7941
9674
9785
9826
9764
9691
7956
7951
9682
9852
9757
9736
9829
8211
8240
8256
9664
8156
8246
8299
8248
8337
8380
8370
8110
8066
8163
8393
8391
8296
8396
8397
8136
8327
8166
8203
8398
8239
8210
8231
8409
8237
9823
8250
8412
8417
8424
8433
8440
8441
8459
8456
8460
8461
8325
8335
8469
8350
8476
8470
8375
8484
8479
8482
8480
8485
8486
8497
8498
8495
8538
8567
8575
8601
8516
8604
8506
8615
8519
8525
8648
8651
8169
8650
8175
8540
8659
8613
8610
8606
8663
8662
8616
8664
8691
8666
8705
8700
8690
8706
8714
8715
8723
8729
8717
8724
8731
8744
8746
8750
8774
8777
8779
8775
8785
8790
8792
8803
8637
8815
8806
8819
8627
8641
8822
8638
8656
9928
8653
8820
8830
8840
8838
8851
8844
8845
8852
8861
8868
8862
8870
8860
8882
8874
8878
8891
8893
8890
8900
8904
8905
9790
8908
8930
8932
8907
8906
8913
8931
8948
8933
8956
8952
8960
8967
8971
8972
8975
8991
8990
8994
8997
8996
9003
9000
9001
9015
9012
9017
9020
9035
9040
9049
9050
8008
8002
9055
9056
9057
9071
9036
7974
8181
9123
9936
7979
8029
8032
7995
8107
7993
7981
8059
8073
8093
9069
8113
9134
9583
9137
9141
9152
7958
9154
9649
7977
9110
9107
7970
9189
9568
7961
9555
8080
9200
8018
8000
8184
9202
9127
8199
9218
9155
9217
8275
9144
9220
8286
9228
9233
9222
9236
9188
9172
9266
9243
9258
9270
9269
9267
9280
8609
8605
9295
9300
9313
9304
9321
9323
9361
9353
8558
9365
8561
8552
9364
8554
9390
9380
8598
9395
9399
9274
9260
9244
9401
9352
9273
9411
9442
9183
9489
9482
9516
8583
10160
10177
8593
9368
10158
10183
10184
9162
9407
10214
22456
9463
22700
22536
23975
23902
9462
25955
10156
25266
20629
20793
21381
26631
23886
21782
22610
23088
26080
694
21821
485
26882
771
1324
1661
21341
15227
728
940
1811
19769
15971
22277
1735
1842
9515
1991
2006
10182
2030
2045
2072
2057
2086
2077
2098
2107
2116
2121
9066
2124
9065
9063
2128
2130
2129
2132
9059
2133
9091
9090
9098
2149
9093
2159
2141
9108
2157
2151
9760
2158
2167
2171
2172
2168
2177
2178
9114
9109
9112
2183
9113
2184
9124
9125
9130
2188
9129
2018
2200
2195
2205
2212
2198
9102
2213
2187
2217
2228
2218
9142
2232
2222
2229
2235
2263
2265
2185
2296
9131
2301
2288
2312
2315
2318
2313
2320
2207
2330
2223
2329
2327
2332
2342
2216
2348
2344
2365
2349
2369
2350
2380
2372
2371
2378
2391
2273
2384
2294
2266
2295
2285
2404
2410
2382
2418
2307
2412
2270
2311
2299
2419
2422
2353
2426
2429
2438
2436
2440
2428
2439
2446
2444
2457
2441
2458
2385
2462
2460
2394
2461
2471
2484
2482
2491
2498
2423
2493
2492
2334
2495
2323
2425
2513
2524
2528
2335
2511
2536
2437
2535
2530
2542
2545
2550
2552
2501
2566
2554
2569
2561
2506
2414
2574
2579
2576
2509
2325
2577
2578
2504
2336
2581
2582
2584
2597
2585
2598
2601
2606
2605
2612
2613
2617
2625
2624
2621
2608
2615
2610
2626
2648
2646
2644
2639
2651
2655
2658
2659
2667
2666
2514
2674
2538
2668
2678
2683
2688
2677
2680
2690
2691
2699
2692
2702
2543
2723
2708
2705
2703
2707
2725
2716
2724
2726
2729
2730
2738
2731
2564
2555
2562
2568
26160
2737
2734
2747
2739
2753
2756
2755
2752
2740
2765
2759
2763
2770
2758
2766
2768
2764
2767
2774
1243
2775
9439
21435
2808
2779
2785
2798
2778
2796
22298
2776
26878
24987
2799
22387
2827
2822
2823
2817
23534
2259
2831
26486
2845
2821
2262
2820
26060
2849
9173
2837
2836
2848
2258
2853
2343
2861
2346
2868
2249
2874
2862
2864
2251
2879
2900
2881
2882
2912
2895
2916
2877
2887
2885
2902
2910
2892
2896
2246
2875
2914
2922
2897
2928
2883
2932
2871
2987
2944
2936
2986
2976
2999
3015
3000
3012
2401
3030
3036
3038
3054
3032
3057
3064
3035
3040
3059
3065
3060
2935
3067
3058
2953
3068
3075
3063
3089
2945
2980
3091
3109
2988
2966
2967
3111
3027
3020
3113
9369
9400
3122
3119
3115
3133
3116
3137
3129
9434
3139
9143
3134
3145
3146
9425
9420
3150
3152
3154
9429
3166
3157
3165
3174
3182
3189
3184
3169
3190
3170
3202
3218
3179
3199
3213
3233
3208
3201
3229
3198
3231
3254
3245
3255
3266
3263
3267
3051
3272
9440
3056
3269
3033
3047
3045
2474
3048
3082
3274
3283
3073
3281
3090
3079
3293
3290
3289
3298
3303
3295
3315
3296
3300
3304
3325
3317
3309
3339
3329
2540
3349
3350
2539
3340
2531
3352
3367
3369
3370
3351
3383
3372
3387
3385
3392
3386
3401
2463
3381
3405
3389
2467
3409
3437
3403
3408
3410
3391
3428
3438
3429
3404
3420
3445
2937
2942
3446
3472
3459
3462
3452
3450
3474
3473
3449
3497
2931
3490
3478
3486
3485
3499
3507
3516
3518
3524
3530
3532
3440
3546
3543
3454
3455
3557
3551
3553
3545
3587
3549
3572
3573
3591
3608
3570
3598
3597
3600
3605
3620
3621
3617
3625
3638
3647
3645
3652
3654
3661
3689
3660
3697
3653
3678
3688
3665
3706
3561
3705
3676
3713
3710
3550
3747
3731
3729
3735
2996
3764
2961
2997
2989
3768
2962
2998
3010
3011
3006
3770
3021
3005
3771
3772
3026
3776
3787
3778
3783
3793
3816
3809
3800
3820
3826
3822
8191
3830
8099
3821
3831
3848
3825
8076
3850
3835
3847
3538
2958
3863
3856
3584
8100
3872
3777
3594
3603
3616
3819
3801
3905
3798
3901
3829
3908
3915
3914
3916
3919
3917
2960
3898
3902
3951
2956
3922
3927
3956
3953
3946
3960
3961
3959
3965
3966
3976
3963
3969
3967
3980
3892
3977
3990
3972
3983
3988
3993
3986
3991
3987
4005
3996
4007
3904
4015
3995
4017
3929
4023
4020
4042
4033
4026
4045
4028
4037
4047
4044
4048
4025
4046
4049
4053
2951
4056
4065
4058
4084
4068
4080
4069
4075
4087
4082
4086
4092
4089
4093
4091
4085
4066
4094
4098
4096
4099
4106
4103
4104
4119
4116
4118
4108
3910
4128
4122
4126
4142
4134
4121
4135
4159
4161
4156
4155
3938
4151
3947
4117
4164
3493
4170
4172
3525
4177
4178
4176
3502
4193
3517
3526
3529
3527
4197
3537
3871
4214
4205
4208
4209
4217
3874
3873
3869
3864
3879
4225
4216
4226
4232
3586
3867
3577
4224
4236
3883
3887
3888
3882
4242
3884
3893
4239
4243
4190
2949
4308
4302
4192
4306
4311
4315
4289
4318
4321
3862
2941
3534
4195
4347
4330
4331
4204
4351
4362
4344
4220
4222
3881
4370
4367
4218
4369
4375
4333
4408
4407
4412
4395
4417
4309
4301
4425
4294
4422
4386
20839
23490
21608
22757
23799
23879
23107
25810
23566
25430
21695
21756
22541
25904
26420
26834
24284
26916
25746
22937
21657
19904
23037
23380
23047
24600
25007
21337
20512
20049
24213
23660
18790
23019
26725
26316
23375
21256
19984
26062
27423
25784
26601
19226
20035
20194
22721
21802
22016
27000
23982
25515
20410
27174
20730
25025
25410
20389
20648
20932
21145
22273
21788
21592
21613
22409
22716
23614
23222
23657
23303
24388
24585
25141
26202
26722
26594
26539
27096
27459
20666
19759
21666
22195
22749
23008
27254
20412
358
379
438
586
553
655
692
699
706
714
840
859
980
1159
1166
1356
1406
1412
1448
1594
1692
1785
10556
10836
11256
11144
11482
11767
11778
11859
12022
12033
12143
12279
12645
12606
12805
12615
12591
12961
13218
13340
13292
13428
13488
13445
13751
13796
13917
14082
14112
14130
14024
13991
14018
14062
14375
14420
14539
14901
14965
15087
15213
15153
15263
15188
15434
15457
15399
15406
15855
15868
15708
15741
15773
15787
16237
16250
16126
16344
16182
16183
16539
16570
16508
16648
16581
16660
16778
17074
17110
17346
17225
17234
17315
17466
17495
17403
17409
17365
17572
17658
17685
17597
17701
17766
17740
17746
17750
17778
17779
17881
17840
17852
18040
18000
18053
18016
18019
18197
18111
18116
18316
18320
18322
18324
18503
18384
18409
18439
18450
18512
18515
18535
18795
18752
18767
18887
18907
19028
19048
18973
19082
19278
19312
19206
19346
19449
19378
19513
19632
19668
19819
19909
19931
19938
19884
27538
27723
2938
4443
4451
4456
4467
4419
4483
4536
4360
4507
4363
4561
4562
4574
4410
4416
4612
4590
4593
4409
4619
4599
4635
4628
4424
4641
4632
4449
4421
4654
4420
4665
4659
4647
4257
4672
4252
4675
4476
4679
4692
4684
4275
4250
4264
4248
4186
4286
4267
4719
4732
4569
4735
4746
4754
4587
4378
4575
4355
4767
4380
4760
4677
4775
4244
4687
4245
4688
4782
4326
4720
4298
4787
4789
4808
4822
4794
4806
4816
4792
4819
4798
4826
4345
4863
4834
4866
4856
4793
4829
4865
4872
4874
4880
4890
4900
4897
4904
4907
4909
4915
4917
4583
4591
4919
4921
4609
4935
4942
4923
4939
4951
4930
4661
4943
4954
4959
4960
4956
4963
4964
4972
4973
4976
4990
5002
4981
4977
4998
5003
4983
5026
5038
5029
5028
5030
5016
5034
5044
5007
5050
5059
5064
5055
5072
5080
5066
5084
5067
5074
5070
5086
5087
5079
5075
5085
5096
5090
5095
5097
5099
5102
5100
5104
5105
5113
5110
5115
4840
4842
4854
5119
5125
5117
5118
5124
5126
5150
5121
5151
5135
5116
5141
4445
5170
5172
4466
5177
4475
5173
4555
4460
4524
5178
4525
4469
4465
5206
5180
4518
4457
5196
4488
5199
5217
5212
5207
5182
4548
5223
4353
5234
5253
5224
5246
5248
5289
5274
5295
5260
5264
5297
5265
5270
5233
5271
5294
5283
5313
5286
5296
5309
5330
5302
5326
5314
5340
5348
5336
5352
5353
5359
5356
5368
5373
5365
5361
5394
5383
5410
5378
5407
5397
5399
5370
4588
5381
5374
5427
5448
5428
5425
5418
5440
5414
5442
5445
5453
5434
5452
5455
5459
5461
5466
5470
5486
5488
5480
5474
5484
5495
5476
5514
5512
5497
5517
5504
5526
5533
5542
5516
5522
5511
5571
5619
5623
5618
5454
5628
5658
5496
5639
5695
5663
5653
5630
5713
5689
5649
5629
5637
5665
5644
5698
5685
5701
5724
5740
5747
5721
5730
5822
5722
5728
5745
5779
5839
5627
5842
5834
5906
5863
5913
5889
5825
5850
5890
5879
5885
5933
5888
5865
5936
5945
5946
5937
5667
5897
5895
5858
5940
5954
5956
5986
5988
5976
5991
5999
5997
6001
6053
6040
5995
6064
6018
6058
6010
6084
6070
6057
6032
6087
6083
6068
6125
6105
6130
6140
6124
6134
6092
6145
6153
6122
6144
5661
9608
6154
5717
6155
6158
6157
6160
6225
6181
6183
6179
6174
6187
6254
6170
6208
6215
6211
6180
6223
6217
6261
6219
6258
6212
6202
6205
6282
6231
6273
6237
6280
6275
6286
6326
6305
6320
6350
6289
6352
6360
6306
6314
6333
6296
6374
6338
6361
6336
6331
6418
6435
6419
6362
6421
6427
6430
6432
6398
6411
6401
6392
6369
6436
6442
5575
5608
6445
5585
6545
6438
6446
5574
6480
6478
6543
6502
6492
6470
6463
5612
6506
6459
6558
6503
6541
6472
5565
6504
6580
5551
5595
5561
5563
6572
5605
6522
6549
5610
6439
5616
5527
6500
6595
5529
5553
5556
6587
6568
6554
5541
6507
5609
6511
5531
6481
6576
5536
6638
6612
6596
6636
6628
6611
6639
6635
6631
6634
6647
6598
6604
6621
6661
6642
6684
6702
6665
6662
6671
6685
6687
6678
6640
6690
6697
6648
6708
6706
6746
6718
6735
6743
6728
6816
6818
6737
6793
6756
6731
6812
6840
6800
6792
6736
6864
6724
6874
6839
6830
6836
6741
6784
6714
6770
6752
6863
6890
6805
6749
6866
6759
6872
6783
6785
6844
6855
6861
6862
6803
6755
6892
6870
6709
6891
6843
6838
6871
6721
6881
6882
6875
6928
6940
6958
6978
6937
6939
6921
6924
6908
6942
6946
6983
6901
6960
6991
6953
6898
6902
6945
6966
6948
6981
6972
6897
6973
6988
6976
6943
6925
7065
7067
7012
7056
7016
7045
7061
7006
7053
6997
7030
7034
7121
7089
7100
7118
7119
7149
7032
7152
7047
7023
7013
7130
7126
7134
7136
7137
7139
7091
7154
7155
7158
7048
7004
7096
6993
7110
7161
7064
7165
6992
7072
7081
7066
7170
7166
7171
7174
7177
7068
7074
7078
7125
7199
7180
7185
7191
7203
7264
7193
7196
7255
7247
7182
7213
7285
7281
7232
4729
7257
7240
7253
7245
7258
7291
7273
7271
4757
7227
7235
7225
7201
4726
4696
4744
7259
4705
4773
4749
7263
4704
4747
4755
4763
4742
7292
4771
7385
7412
7395
7438
7396
7399
7411
7398
7330
7417
7323
7307
7298
7413
7344
7345
7377
7376
7378
7329
7299
7380
7382
7419
7318
7360
7313
7295
7387
7370
7389
7393
7421
7340
7341
7394
7384
7320
7425
7426
7296
7336
7420
7350
7321
7365
7319
7443
7435
7368
7600
7511
7596
7459
7509
7510
7542
7477
7528
7495
7607
7534
7502
7457
7506
7537
7624
7564
7501
7538
7549
7583
7634
7623
7531
7609
7627
7451
7671
7677
7672
7686
7685
7712
7591
7637
7452
7735
7744
7718
7732
7557
7751
7692
7813
7757
7704
8115
7714
7787
7807
7773
7687
9223
7706
7679
7678
8834
7639
9386
10103
10081
10096
7496
10095
8885
10092
10101
9958
10080
9428
9967
10054
10053
10068
8783
9969
10046
10040
7478
8116
8769
9812
9793
9959
10105
9675
10052
7725
7968
7749
7570
7803
10111
8629
7584
7717
7462
10109
9287
9094
7705
7741
7764
7777
9371
10114
9329
10126
21970
23485
10112
22819
21984
19089
21588
10120
10141
10153
23340
19498
27061
20685
19117
20046
20254
20295
20171
23677
24007
24168
24317
10125
10128
24134
10166
10181
22073
21806
23295
24932
26906
24259
20774
25390
20804
20565
20061
24890
20364
20198
26320
25244
22062
24942
24830
24562
25704
21323
21198
21705
21479
24377
24324
22109
22545
20243
21776
24552
25057
24917
21088
24551
26505
22498
25969
22500
24966
10033
10044
23299
23748
23949
20614
20419
10043
22472
24432
24554
10083
26691
12661
20617
19002
26918
26119
23399
23457
20135
20232
22539
21108
19881
21825
26507
21148
21828
23053
24108
21586
20724
25230
23159
20489
24968
26741
18419
23596
19650
23349
27143
24522
24893
21826
20723
20775
23918
24930
25208
19169
24768
24531
22394
24462
21007
21005
25549
21129
25253
19989
27253
26543
25702
21318
25981
20015
26107
24088
20315
17882
24090
7484
26347
23458
25303
26350
20917
7488
20365
20941
26140
21268
25982
25535
25711
21167
7483
25131
26936
21125
23828
23953
23979
20844
26609
26108
20928
21017
22565
21740
20739
22638
26303
26831
19868
24904
22268
24905
18109
20889
22299
21751
21673
20972
20265
20550
21690
20701
20768
20855
21018
21900
22270
22428
22530
22680
21895
24224
23625
27202
22460
21338
23293
21919
23631
15216
22736
22895
22106
22084
22015
21681
22251
24343
23453
26757
26951
24490
25038
27145
26791
21334
25115
20997
21623
20755
20176
27452
20075
26920
21567
26643
26950
24506
26826
27159
24441
24586
27182
21210
27175
27622
20309
21272
26872
26977
21492
27497
22652
22971
22064
26148
19883
24813
24572
20347
20580
20173
25691
25145
22518
21375
26508
24617
23355
23404
22197
24759
21720
20190
21372
19531
25448
25130
25492
25158
26106
25505
23997
27083
24532
25420
24776
21724
25393
25605
20781
25558
27085
25433
25440
25467
26039
22927
25422
25561
25570
23057
24992
25385
25389
25548
26217
20385
25743
26712
19094
21327
25781
26616
25601
25618
19368
27013
25624
25201
25592
21449
21675
25608
20362
23565
24447
26847
26216
27071
27150
25878
23705
23861
25016
23583
20413
20547
25589
21056
25292
22690
23076
25824
20548
25581
25081
23800
24470
25759
27521
26121
24845
20478
25148
20708
19992
21781
20977
20387
21283
18718
21779
22254
27089
18581
22205
20276
22796
23123
26544
22726
20001
20225
20227
20975
20388
20404
18736
21033
22057
22560
21142
23488
22040
22946
21249
22111
23597
22156
22055
22119
22170
22120
22158
24545
22157
21443
22427
25249
22204
21639
21481
22434
22087
21816
21221
21661
21883
21972
23132
24165
20145
22247
22026
21679
22321
22054
22390
21094
22088
20298
22121
20222
22218
20122
24785
19540
26504
24825
20885
22155
21389
22011
22018
22053
21485
24276
24969
20468
21850
21635
27408
21638
24707
22216
22407
23839
22242
22863
23120
23993
22576
22577
22758
23808
24401
23656
24237
22490
22842
22548
24321
22772
22840
23616
22923
23669
23150
23163
23878
23420
24322
24266
23561
24353
22715
24269
22643
22624
22794
23133
24495
24070
23884
25666
25372
26915
25388
26608
27258
20994
26755
22389
26183
26042
26450
27104
26754
26615
25373
27295
26637
20401
27419
24591
20019
22747
26835
26885
26913
22395
24109
23983
26523
25376
19536
23552
25374
22483
26809
21566
26942
26944
26964
22020
23984
27321
24563
27619
25839
22249
22207
25664
22774
24512
26724
20722
20661
26492
26172
26162
18472
19722
26970
23916
21744
20624
20154
20789
22430
23056
22570
25162
26487
26413
20501
26489
21309
25028
25920
21758
22388
25923
25924
24991
22872
26903
21306
24219
24902
24670
25501
25612
25918
19298
22977
27300
23440
25685
26704
26666
26281
26620
26626
26763
26705
19892
27276
26542
20354
22762
26886
26812
26888
26441
26663
22311
20079
25987
26442
26829
27165
21867
22777
25327
21409
26418
25354
20691
21698
21746
26738
27291
20285
21406
21766
22438
26541
27147
25986
20953
20921
26687
25732
21277
21329
25855
24450
23042
24474
20955
22618
24787
26659
25113
21395
22972
24423
23933
16345
25233
20704
21626
21170
22122
24057
25442
24754
21184
26583
25655
20529
24215
19814
19451
24843
23423
15663
22593
27219
24700
19969
25215
20149
20418
25803
26351
26330
23034
21374
21446
26689
22994
24265
20072
25330
23090
26120
23728
24749
24931
19462
20612
14796
25357
25255
24000
21130
25070
27213
23055
23486
24149
21938
25669
20973
24601
22118
24016
24017
24604
25054
25264
19254
20230
19936
21160
19972
20052
20140
20278
20279
20670
24069
20803
20745
20679
20627
20628
20513
20302
20606
20865
21216
20967
21072
20546
21670
21092
21344
21759
21360
21362
21387
20394
21391
21634
21472
20754
20711
21790
20956
21501
21842
21887
20602
21845
20300
21621
20963
21241
21520
23002
22006
22902
22005
22709
22227
23241
21901
23213
21964
22479
22846
23062
22789
23200
22225
21950
22424
22099
22725
23230
24301
23408
23389
22552
23207
24561
22323
22426
24404
23286
22104
22755
22787
23331
23181
23608
23465
22803
24418
23474
23881
23912
23940
22186
24538
24179
23060
24274
24290
23456
23939
22508
23322
23874
22620
22630
22647
24819
24842
24855
24682
24816
24656
24679
25457
25227
25117
25256
24948
25446
25954
26043
25956
26531
25957
25726
25764
25767
25309
25817
25412
25516
24903
26360
26125
26426
24925
25514
25584
25898
26035
26454
26676
25095
20924
24364
27021
25795
27379
27523
26857
27241
26798
26856
22676
25774
26858
26414
27270
27049
27077
27053
26718
26880
21247
25778
20258
27393
27212
20595
21928
26022
22347
24010
24032
24158
21041
26247
21717
21737
20397
20901
23317
20969
21701
20881
23315
26581
27269
19382
27564
26859
24486
20396
27246
26717
22274
20779
23737
23964
21706
26409
23087
24428
27220
27245
20613
20463
22067
26218
24945
20415
20625
22162
21662
20205
22562
21115
21931
21944
20896
21376
22267
22727
20905
22791
22524
22664
22793
21736
21772
21933
22824
21254
20204
21410
21488
21508
22988
23021
23024
23139
24127
26556
24836
23891
23271
25576
26082
26085
26154
23069
19289
19925
23674
23847
23238
25300
24093
25226
23327
23365
25328
23659
23510
25672
25921
24163
23643
23373
24298
23849
26084
25649
22335
24822
24023
23052
24752
24188
26314
24203
26808
27082
27095
27114
20180
21195
24771
21499
25275
21940
22255
25568
25569
22983
23206
26488
24186
27069
20228
21582
20141
20213
21787
15265
20356
23068
25297
21764
26333
26979
14257
27337
21834
15264
19946
20326
23246
24750
26466
14016
25156
25212
14405
27624
21688
26206
21477
25088
26495
20116
21433
21597
26567
20357
22066
21150
22723
22779
27444
23544
23626
22234
24454
22864
25946
27081
26502
27024
26153
20421
23291
27110
21522
22697
23070
20420
22964
26103
23043
26393
24182
24499
26090
19608
26074
19617
19622
20323
20738
20958
21099
27463
20251
21369
21370
21463
21542
21625
21783
26149
21909
21957
21968
22287
22385
24529
22391
23015
25074
24234
21947
22529
23477
25717
24475
23319
26362
24124
25312
26665
23630
23414
24079
23493
26796
22549
27141
27265
24288
24369
24373
24408
23298
23306
25110
27283
23127
22439
26733
25484
26433
26459
23577
26732
27155
27537
23704
23116
26064
24461
21996
22130
26332
23102
21104
24628
21674
25897
26063
21278
26199
24080
19496
19850
23578
21992
20055
23714
25283
25404
21803
25943
21990
26412
22380
27163
18603
23113
20033
20037
20159
20306
21868
20828
20831
20915
20945
22799
20966
21154
21228
21229
21231
21233
21302
21377
21511
21647
21704
27722
21105
20157
20435
20639
21589
21863
26400
27609
22044
22419
22448
25219
19915
22544
20136
26591
26385
23059
23143
22355
20087
20182
20636
20705
23696
21226
24976
25037
19902
25652
25883
26046
21286
26076
12068
20996
26001
14264
17015
19502
19631
22029
21916
23278
22178
23372
22770
24444
24100
23126
23381
27620
24189
23449
25175
20095
25310
25475
23644
20408
26877
21873
25958
22196
26680
22929
23376
25858
27001
22978
24113
27068
23038
24254
24440
24584
24860
26367
24884
25042
26990
26569
21974
23284
22886
24075
24883
24975
25134
25797
25800
26167
26340
26575
26927
21596
27160
24498
24505
27050
20731
26163
20749
20993
20846
20750
23046
25610
24077
24574
25960
26002
24998
25011
25017
25041
25260
21545
26465
26728
26783
20931
14680
20270
21004
21052
20726
21622
21719
22034
22598
22790
22915
19908
20345
26361
24949
26545
21839
20521
23655
26256
19594
26397
20428
23945
20219
20465
20697
20870
22672
26432
22594
24251
19259
21524
20988
25513
19547
20070
20269
24817
20864
23882
21711
23765
23766
25902
26005
22396
20716
22780
24674
24748
25452
25639
21419
26299
21546
20268
22322
26118
24567
22522
20013
20618
22661
23640
20249
20557
20765
23850
21510
26688
22297
23883
24045
22243
23309
23604
25728
23196
9246
23642
24411
25123
22083
24597
25069
25604
25768
25992
26315
27621
21100
21888
23859
20193
20652
21051
21055
21112
21114
21180
21207
21616
24723
27583
16285
22008
24270
25282
19698
19917
19008
19249
20024
13526
17278
20002
17169
19036
20160
20179
19960
19967
19975
18740
17242
17254
19261
14115
20091
19538
19554
20099
19762
19775
20126
20240
18253
20286
20292
20297
20449
13369
20005
20081
20086
20608
20093
20128
20169
20616
20288
20635
20305
20307
20308
20343
20349
20669
20403
20677
20436
20440
20455
20549
20577
20578
20582
19812
21028
21153
21466
20853
20767
20719
21188
20852
20899
21214
20877
21273
21343
20806
20983
21029
21182
21346
20690
21203
21234
21236
21269
21455
21428
21122
21460
21349
21380
21392
21396
21417
21427
20845
21478
21440
22215
21872
21769
22145
21558
22132
21680
21979
21767
21805
22070
21610
22089
22137
21903
22144
22163
21538
22210
22212
21540
21624
21630
21633
22285
21926
21929
21689
21709
21573
21835
22077
22078
21836
21838
21848
22086
21869
22136
22174
22203
21920
22283
21493
22289
21678
21552
21604
21605
21571
21572
21983
21985
21517
22039
21814
21817
21818
22399
22513
22294
22718
22568
22493
22730
22305
22510
22486
22512
22731
22958
23097
22516
23098
22442
23103
22574
22301
22608
22398
22292
22728
22850
22695
22942
23003
23079
23095
22710
22773
22613
22412
22841
23125
23182
24072
23481
23649
23268
23269
23313
23142
23396
23523
24154
23575
23135
23726
23144
23205
23332
24062
23392
23398
23511
24142
24267
23628
24292
23212
23639
24312
23214
23148
23227
23722
23250
23827
23830
23855
24027
23362
23210
24227
24285
24293
23202
24335
24393
23243
24403
24422
24427
24460
23262
23742
23863
23867
23934
23999
23300
24672
24687
24626
24755
25022
24537
24624
24786
24527
24666
24667
24493
24796
24997
24865
24555
24797
24840
24492
24856
24864
24566
24571
25045
24631
24635
24886
24524
24887
24896
24653
24920
24958
24964
24980
24957
24660
25174
25916
25223
25587
25464
25268
25285
25050
25060
25411
25417
25245
25251
25267
25925
25468
25473
25526
25722
25723
26182
25804
25894
25288
25322
25915
25396
25075
25944
25520
25985
26013
25541
25544
26041
25582
25278
25143
26104
25607
25675
25687
26124
26133
26170
26171
26176
25725
26243
26250
26257
25151
26334
25166
25913
25172
25914
25365
26092
25352
26479
26777
26852
27003
27065
26436
26458
26713
26806
26511
26807
26822
26875
26926
27026
27032
27070
26401
26408
26449
26711
26560
26758
27103
27166
27171
26612
26723
26648
26540
26537
27176
27172
27043
27577
20211
27349
27286
27533
27574
27284
20119
27207
20341
19860
20327
9199
18984
20380
20382
20399
20591
20620
20314
27439
8864
15598
20366
20372
20638
21259
20672
20675
20788
20325
27629
18982
19683
20655
20678
20746
20759
20818
20873
20906
20943
21003
21012
21015
21020
21077
21078
21080
21239
27627
21244
21246
20330
20340
27494
16413
18651
21248
22628
22478
22581
22580
22060
21371
21978
21280
21487
21316
22199
22211
21561
21330
21861
21874
21877
21954
21384
21966
22286
22300
22415
22461
22202
21665
21699
21727
21365
21800
22309
22616
21401
22375
22403
22061
23531
25700
23433
22838
24448
24294
25718
22659
25911
23054
23528
24511
23442
23224
25626
22815
24577
24199
25755
23521
25793
22786
25696
25799
22636
25692
25819
26438
25552
25171
25286
25364
24741
25008
26065
23351
26356
25185
24734
24788
25438
25488
25567
25574
26464
24453
26480
26484
26751
22991
24525
24526
23852
23962
24013
24117
24147
24169
25392
21324
27199
26919
27616
27272
26994
21837
27107
27266
19987
21202
21230
21712
27331
27422
22933
21143
24800
24390
26902
25027
24083
23582
26818
24056
24119
24178
24775
24801
24940
25483
25860
27113
20536
21853
26959
22474
22223
21539
23598
21293
23297
26329
24910
22520
22583
21917
23066
21822
23762
20014
20134
20643
27228
24625
24906
22340
20290
22654
27042
19962
24579
24909
21703
18858
26341
22038
25510
22635
20082
24330
25641
21119
22600
20097
24732
26962
27005
21067
23998
26789
22451
20252
26298
24753
23653
24558
24256
24724
27227
22208
23903
22471
23152
23666
26379
27194
23014
22117
23147
27600
25031
23383
22932
22131
22354
21084
22475
23289
21855
25004
25307
20944
21288
22566
22733
21447
21685
22905
23480
26588
26646
24220
25421
21294
23735
23044
23877
25243
25638
25035
26584
25252
20879
20200
26203
24338
27101
20687
19500
26415
20633
26753
20848
21113
21580
22742
27142
22320
21058
21144
26647
21361
21495
21760
26116
21773
16869
21295
15814
18828
19248
20464
20813
20878
21315
22052
21521
21743
22662
20605
24763
23328
16022
19301
19475
19733
20201
20516
20696
21973
20783
21991
21993
22123
25816
15082
23085
21862
26394
25294
14310
24164
25168
18586
18650
21951
20776
22906
23720
24683
23988
24068
24961
23025
24320
22573
24516
24876
22310
23092
23149
23555
22143
22968
24417
23050
24581
25159
22818
22408
23029
24647
25104
22527
22684
25236
22531
23106
25191
23282
23406
22645
23617
23658
22722
23115
27415
20898
26744
22167
21075
25306
26896
27152
19070
22711
25258
24286
24560
26030
21073
26079
26086
26094
21915
22219
27168
22499
23464
25279
26490
21398
21515
25078
25229
25205
23167
20491
23325
26181
26792
23650
26339
27455
27567
26968
20698
26395
24985
25742
26008
21476
25877
24028
18342
26424
19986
26876
26972
16534
23635
22922
27552
25418
25290
24053
26630
25005
24232
21274
20525
24151
26752
23683
24307
27618
22588
20555
21287
23323
20432
26980
20541
21425
22484
23974
26697
19700
23432
23781
26101
22150
22776
23346
21464
24616
23039
21762
23976
24999
21994
22246
23875
23405
20284
22238
25353
21304
21469
22626
19103
21857
26538
25748
26748
27251
21792
22734
23111
19799
23956
23703
24289
27292
21841
22947
26006
25769
21451
26993
17338
22051
24481
24703
20143
26953
20979
27208
27381
20946
20992
21319
26509
23977
24357
24650
25071
26242
26024
24458
22887
18749
22378
27140
24704
27500
22358
25344
25825
25801
26093
24726
22334
22759
24358
26152
23112
19524
24518
24195
24984
26823
16339
20769
23009
25758
21332
22547
20508
23529
23550
24140
22596
20585
21804
22821
23091
25572
25661
26922
27017
20978
27030
26200
26756
24128
20725
23515
26451
24622
26611
26483
18496
25772
23496
22041
4859
25547
25656
27631
21892
13600
401
21074
21891
22543
332
22760
4494
6536
26444
25489
14141
360
18861
636
759
365
19966
19982
26263
26275
3338
340
341
3975
9132
349
309
9376
13810
350
352
357
24059
20827
330
1016
331
2671
377
20096
333
338
347
18574
356
359
362
363
23981
25657
369
310
25658
371
409
446
452
425
380
390
383
397
413
402
416
385
422
403
388
405
407
436
439
448
455
408
456
444
417
440
421
418
450
424
426
428
430
431
419
453
432
504
467
496
578
556
519
524
540
497
584
487
494
461
591
475
507
480
572
576
457
458
493
472
474
585
463
590
593
596
478
509
510
511
600
560
484
570
582
486
491
531
532
542
546
547
548
550
499
505
554
471
597
599
601
557
514
515
516
523
606
603
648
607
616
650
602
642
621
604
623
634
635
618
669
645
605
651
653
661
666
637
629
643
631
608
644
610
640
613
615
611
622
633
624
627
674
628
789
793
768
790
701
730
680
746
713
764
697
715
716
693
719
708
739
741
745
676
683
765
769
770
722
724
726
774
695
707
777
782
784
733
710
788
685
754
756
761
679
792
711
795
691
698
766
767
721
772
773
775
677
732
734
785
787
810
801
799
800
843
804
861
828
802
811
855
865
866
805
809
812
829
832
833
874
813
875
820
839
823
844
808
845
853
854
868
825
827
869
870
807
872
944
938
907
950
949
878
908
910
888
892
909
959
895
913
896
902
970
904
914
922
945
876
911
954
894
912
962
964
890
899
903
883
905
971
925
930
931
889
974
893
877
885
957
965
966
967
972
973
924
929
932
933
937
979
942
981
982
951
952
956
1073
1004
1025
1080
997
1070
991
999
1085
987
1042
994
1053
992
988
1083
1030
1088
1031
1033
1036
1044
1003
1041
1043
1074
1076
1026
998
1010
1079
1000
1002
1039
1052
1028
1054
1068
993
1174
1155
1093
1128
1156
1198
1127
1141
1177
1149
1229
1133
1109
1135
1173
1112
1179
1153
1161
1228
1089
1162
1142
1224
1181
1225
1185
1192
1227
1231
1235
1246
1096
1125
1165
1100
1220
1132
1201
1204
1232
1234
1238
1241
1242
1091
1245
1214
1218
1219
1248
1250
1170
1176
1223
1184
1202
1205
1206
1251
1333
1336
1306
1279
1309
1285
1287
1289
1262
1270
1291
1305
1284
1341
1264
1265
1263
1276
1269
1252
1258
1330
1328
1326
1329
1331
1294
1299
1304
1340
1293
1311
1342
1320
1325
1327
1314
1319
1345
1352
1357
1355
1349
1350
1346
1347
1384
1402
1404
1367
1368
1377
1369
1358
1382
1373
1394
1398
1362
1421
1426
1427
1428
1431
1432
1364
1433
1436
1378
1380
1381
1438
1386
1388
1389
1413
1416
1393
1395
1361
1403
1370
1371
1359
1407
1440
1408
1441
1409
1410
1390
1374
1348
1418
1419
1375
1474
1463
1467
1452
1461
1472
1473
1458
1464
1475
1465
1456
1505
1497
1469
1453
1454
1470
1503
1477
1478
1479
1507
1508
1491
1493
1442
1502
1449
1511
1510
1485
1492
1501
1481
1494
1500
1476
1513
1598
1595
1596
1600
1561
1571
1535
1544
1553
1514
1567
1516
1568
1570
1574
1536
1537
1515
1547
1518
1528
1592
1564
1512
1533
1572
1520
1585
1524
1556
1633
1634
1602
1579
1580
1582
1584
1587
1588
1589
1519
1591
1559
1611
1612
1613
1617
1618
1619
1631
1638
1641
1603
1542
1604
1605
1606
1621
1630
1679
1678
1657
1664
1642
1697
1667
1726
1680
1687
1677
1658
1660
1649
1724
1652
1682
1714
1715
1691
1663
1644
1700
1702
1651
1704
1705
1723
1668
1671
1706
1710
1712
1725
1703
1717
1718
1720
1738
1734
1822
1730
1739
1749
1814
1774
1778
1750
1827
1832
1727
1802
1752
1754
1757
1758
1740
1761
1766
1773
1816
1819
1856
1857
1779
1780
1841
1796
1797
1732
1728
1781
1786
1745
1762
1764
1810
1813
1747
1791
1815
1850
1792
1794
1817
1828
1831
1843
1858
1845
1846
1847
1848
1787
1804
1805
1790
1849
1896
1916
1875
1906
1886
1862
1877
1887
1890
1880
1881
1869
1882
1883
1864
1884
1897
1874
1898
1901
1902
1904
1917
1919
1905
1885
1908
1910
1911
1912
1913
1914
1859
1878
1889
1879
1872
1893
1865
10267
1920
10281
10207
10280
1965
10205
10213
10240
1971
1964
10239
1928
1986
10190
10222
1943
1922
1961
10282
1936
1951
1981
1956
2181
10264
1937
10233
1968
1941
10243
1969
1970
1947
10245
1973
10247
1976
10251
1980
1982
10261
1929
2007
1954
1960
10193
10208
1967
10244
1945
1972
1950
10250
10253
1977
1926
10259
1931
1952
1953
10290
10284
10286
10292
10294
10310
10285
10296
10287
10297
10301
10303
10321
10326
10344
10439
10338
10345
10331
10334
10358
10364
10366
10371
10378
10360
10380
10400
10409
10379
10389
10412
10414
10428
10399
10401
10413
10424
10425
10632
10478
10456
10635
10440
10540
10490
10528
10579
10507
10590
10529
10532
10522
10729
10558
10642
10563
10537
10443
10502
10526
10654
10457
10485
10661
10492
10666
10542
10569
10497
10584
10683
10598
10455
10686
10688
10517
10602
10603
10622
10690
10623
10692
10624
10543
10700
10705
10625
10628
10723
10726
10629
10630
10727
10562
10594
10600
10500
10607
10731
10864
10758
10924
10987
10967
10829
10840
10831
10794
10837
10876
10879
10847
10797
10838
10737
10888
10920
10890
10897
10910
10911
10819
10949
10733
10775
10807
10828
10953
10968
10925
10969
10937
10954
10975
10787
10955
11273
11091
11024
11094
11046
11054
11267
11270
11274
11281
11300
11004
11083
11093
11095
11104
11049
11106
11132
11055
11148
11151
11152
11159
11065
11162
11069
11074
11163
11166
11076
11312
11176
11081
11177
11323
11186
11328
11202
11213
11216
11217
11225
11228
11242
11244
11246
11248
11255
11258
11263
11266
11048
11304
11137
11034
11140
11146
11147
11362
11370
11359
11361
11466
11481
11489
11493
11369
11503
11351
11527
11529
11530
11388
11424
11425
11428
11434
11453
11367
11469
11476
11525
11496
11531
11532
11537
11497
11500
11372
11374
11375
11397
11405
11413
11415
11416
11565
11723
11735
11739
11762
11864
11638
11563
11884
11665
11670
11676
11899
11900
11902
11907
11690
11910
11691
11704
11705
11726
11738
11752
11786
11788
11799
11803
11815
11817
11819
11822
11827
11832
11840
11841
11852
11865
11866
11876
11539
11877
11878
11879
11615
11547
11628
11637
11655
11660
11550
11561
11881
11664
11688
11568
11611
11663
11943
11919
11938
11960
11970
11975
12018
12020
12027
11921
12034
11930
12041
12054
11989
11995
11998
11912
11934
12002
12005
11941
11947
12009
11972
12010
12023
11920
12031
11976
12039
11996
12000
12003
11954
12006
11966
12304
12311
12321
12107
12115
12135
12142
12149
12062
12154
12067
12158
12166
12170
12171
12174
12175
12074
12265
12280
12290
12093
12292
12303
12323
12328
12402
12360
12363
12366
12370
12103
12372
12373
12375
12383
12384
12386
12389
12150
12391
12183
12080
12184
12082
12201
12089
12204
12209
12211
12221
12227
12228
12239
12247
12253
12263
12264
12269
12421
12407
12488
12430
12431
12520
12435
12412
12414
12415
12493
12501
12429
12503
12517
12519
12403
12432
12521
12436
12522
12419
12446
12451
12456
12459
12530
12460
12461
12542
12462
12465
12544
12469
12470
12405
12478
12546
12547
12625
12627
12550
12551
12553
12629
12649
12658
12673
12701
12710
12713
12718
12722
12557
12601
12604
12607
12765
12773
12779
12780
12782
12784
12794
12800
12803
12806
12815
12817
12818
12819
12821
12612
12549
12616
12621
12564
12575
12582
12583
12760
12595
12600
12807
12833
12667
12684
12709
12555
12740
12573
12745
12759
12589
12592
13007
13119
13121
12882
12927
12998
13001
13002
12844
13008
13010
13043
13065
13084
13086
13107
12865
13108
13139
12874
12834
12845
12884
12974
12896
12837
12901
12849
12906
12918
12858
12929
12930
12859
12945
12861
12946
12996
13322
13223
13331
13227
13266
13339
13209
13219
13242
13254
13256
13260
13264
13294
13149
13153
13158
13159
13161
13163
13164
13165
13171
13347
13178
13354
13184
13363
13188
13193
13203
13205
13370
13371
13208
13295
13373
13297
13383
13307
13390
13309
13391
13329
13224
13240
13262
13263
13268
13269
13276
13279
13281
13283
13341
13143
13290
13291
13408
13413
13414
13393
13417
13394
13439
13397
13402
13472
13478
13497
13499
13500
13501
13503
13505
13523
13524
13536
13544
13576
13578
13579
13584
13586
13596
13597
13441
13448
13450
13456
13458
13466
13469
13470
13599
13601
13618
13610
13649
13652
13653
13654
13655
13661
13664
13678
13683
13685
13688
13698
13702
13723
13614
13619
13646
13679
13684
13692
13710
13719
13729
13730
13732
13735
13741
13746
13752
13753
13758
13761
13762
13763
13768
13772
13624
13635
13640
13773
13774
13643
13644
13645
13775
13776
13621
13781
13782
13787
13789
13791
13792
13793
13795
13903
13906
13908
13939
13940
13942
13944
13828
13834
13838
13805
13807
13867
13868
13880
13886
13888
13891
13808
13893
13894
13895
13902
13819
13823
13920
13925
13941
13839
13851
13854
13860
13862
13879
13811
13812
13815
13816
14138
13948
14148
14162
14170
13980
14171
13981
14177
14070
14078
14093
14098
13949
14100
14119
14120
14122
14124
13956
14126
13972
14128
13977
14134
14026
14143
14146
14150
14036
14172
14179
14184
14189
14192
14195
14203
13992
13996
13997
13999
14000
14038
14002
14054
14007
14014
14056
14017
14060
14023
14065
14068
14069
14299
14228
14245
14307
14239
14212
14301
14214
14250
14256
14335
14220
14237
14243
14246
14333
14334
14255
14258
14259
14261
14265
14276
14280
14281
14286
14294
14336
14337
14338
14340
14327
14328
14329
14330
14205
14331
14332
14207
14209
14368
14371
14373
14380
14383
14407
14408
14413
14343
14422
14427
14351
14353
14364
14451
14468
14518
14381
14386
14388
14389
14391
14392
14398
14400
14402
14418
14341
14429
14344
14432
14434
14355
14362
14363
14436
14443
14446
14454
14464
14475
14479
14489
14490
14491
14493
14496
14497
14498
14499
14504
14513
14515
14519
14521
14526
14527
14535
14596
14564
14651
14541
14571
14555
14581
14593
14545
14595
14559
14548
14668
14671
14675
14676
14597
14587
14599
14607
14611
14589
14590
14617
14626
14628
14634
14635
14636
14638
14640
14647
14684
14654
14655
14657
14658
14660
14667
14688
14696
14699
14703
14705
14838
14690
14686
14760
14704
14764
14786
14789
14799
14707
14716
14806
14717
14810
14718
14721
14811
14814
14824
14736
14826
14743
14840
14750
14848
14871
14904
14756
14787
14720
14815
14726
14831
14836
14844
14856
14753
14872
14878
14879
14880
14898
14906
14909
14916
14922
14931
14933
14938
14947
14950
14761
14785
14797
14984
14986
14995
15025
15057
15065
15117
15118
14964
14974
15122
15126
14976
14989
14991
14952
14998
15003
15011
15015
15017
15018
15022
15026
15027
15028
15029
15035
15055
15058
15067
15081
14951
15101
15107
14953
14957
15109
15215
15222
15241
15245
15300
15262
15194
15196
15197
15203
15139
15218
15287
15223
15231
15290
15293
15254
15295
15157
15257
15320
15268
15323
15330
15271
15337
15340
15342
15343
15344
15273
15276
15348
15362
15367
15368
15373
15277
15374
15377
15379
15380
15140
15179
15144
15145
15147
15180
15183
15381
15189
15386
15190
15282
15192
15426
15429
15435
15437
15442
15394
15398
15459
15464
15468
15471
15390
15422
15439
15454
15456
15462
15465
15494
15502
15503
15515
15517
15523
15527
15410
15529
15418
15531
15542
15544
15551
15553
15556
15558
15570
15638
15661
15613
15689
15690
15809
15811
15819
15838
15839
15842
15846
15849
15854
15860
15864
15580
15637
15642
15650
15652
15597
15669
15670
15614
15671
15673
15674
15616
15685
15618
15623
15698
15704
15624
15707
15712
15713
15720
15730
15731
15734
15737
15746
15755
15763
15765
15782
15785
15786
15789
15795
15796
15805
15871
15876
15880
15886
15902
15925
15931
15987
15937
15989
15941
15943
15990
15999
16001
16011
16015
16016
16024
16044
16049
16075
16081
16088
16092
16093
16103
16113
16115
16116
15945
15949
15884
15892
15953
15899
15908
15969
15980
15921
16155
16117
16128
16165
16173
16191
16208
16209
16215
16120
16217
16124
16219
16227
16233
16238
16252
16255
16257
16125
16259
16262
16264
16266
16270
16271
16272
16273
16281
16282
16286
16290
16295
16311
16318
16323
16343
16347
16348
16349
16352
16353
16356
16357
16360
16129
16133
16153
16161
16163
16172
16179
16200
16118
16392
16400
16448
16463
16464
16465
16471
16477
16491
16497
16364
16500
16505
16376
16378
16525
16383
16541
16556
16384
16559
16567
16576
16411
16423
16428
16440
16454
16455
16492
16503
16506
16507
16513
16518
16521
16522
16377
16626
16630
16631
16635
16654
16616
16625
16639
16676
16628
16632
16690
16695
16697
16702
16707
16724
16789
16794
16871
16873
16605
16582
16884
16606
16888
16890
16892
16607
16896
16637
16673
16689
16698
16700
16705
16712
16717
16721
16728
16739
16744
16755
16777
16782
16795
16798
16804
16819
16838
16840
16591
16845
16847
16860
16971
16982
17000
17001
17018
17020
17028
17035
17036
17040
16944
16958
17054
16960
16961
16963
17057
16968
17060
17082
17087
17089
16969
17098
17104
16899
16980
16985
16900
16902
17041
17043
17045
16913
17047
17049
16918
16923
16940
16941
17106
17146
17158
17185
17119
17122
17188
17123
17275
17173
17190
17133
17283
17287
17178
17289
17193
17203
17205
17206
17212
17348
17349
17354
17362
17226
17231
17240
17243
17246
17249
17256
17261
17265
17266
17291
17294
17306
17211
17312
17316
17317
17318
17319
17320
17329
17332
17334
17217
17224
17335
17336
17337
17344
17398
17383
17467
17387
17468
17470
17479
17483
17484
17486
17490
17493
17400
17401
17412
17414
17416
17419
17425
17429
17437
17364
17440
17445
17449
17450
17455
17456
17366
17465
17367
17373
17377
17378
17379
17380
17519
17501
17505
17509
17574
17629
17633
17642
17575
17651
17653
17497
17659
17662
17524
17525
17529
17532
17538
17541
17544
17549
17558
17559
17561
17564
17565
17567
17573
17619
17624
17630
17650
17656
17660
17666
17671
17674
17676
17579
17580
17582
17585
17586
17588
17589
17592
17593
17599
17607
17608
17612
17614
17616
17618
17697
17695
17698
17708
17710
17739
17741
17743
17754
17786
17797
17690
17696
17699
17706
17734
17735
17687
17686
17745
17747
17759
17767
17774
17782
17787
17790
17791
17792
17800
17801
17808
17809
17688
17812
17825
17826
17858
17862
17864
17877
17879
17885
17810
17907
17913
17841
17925
17842
17843
17845
17847
17926
17927
17849
17930
17851
17932
17935
17936
17937
17941
17945
17951
17953
17954
17958
17959
17962
17964
17966
17968
17969
17970
17972
17977
17978
17819
17865
17878
17880
17896
17898
17909
17916
17918
17829
17830
17920
17960
18033
18038
18056
18028
18037
18041
18055
18061
18063
18084
18091
17990
17987
17994
17997
18003
18048
18006
18010
18011
18059
18062
18012
18066
18068
18069
18070
17984
18071
18077
18078
18079
18025
18085
18090
18095
18132
18119
18122
18224
18223
18236
18241
18243
18244
18204
18227
18237
18096
18127
18128
18130
18134
18143
18144
18145
18147
18149
18153
18160
18162
18164
18167
18168
18170
18171
18172
18178
18179
18180
18183
18187
18188
18194
18199
18201
18202
18203
18099
18101
18097
18207
18102
18105
18214
18114
18215
18115
18218
18117
18118
18121
18245
18266
18279
18256
18281
18267
18283
18261
18298
18269
18305
18314
18340
18344
18277
18280
18284
18293
18248
18268
18295
18300
18306
18262
18308
18272
18309
18311
18274
18312
18315
18317
18323
18327
18336
18275
18339
18346
18353
18379
18355
18347
18398
18405
18373
18502
18365
18361
18505
18377
18367
18378
18368
18375
18380
18381
18388
18390
18400
18406
18407
18410
18412
18413
18416
18423
18424
18427
18430
18431
18435
18441
18447
18448
18452
18455
18456
18459
18376
18461
18463
18466
18471
18482
18485
18486
18487
18489
18492
18494
18501
18507
18513
18514
18544
18521
18523
18525
18546
18547
18548
18552
18555
18532
18556
18533
18534
18558
18559
18560
18590
18592
18594
18595
18596
18597
18598
18610
18612
18538
18541
18542
18561
18563
18566
18573
18579
18509
18584
18623
18624
18629
18630
18634
18635
18638
18776
18780
18617
18806
18808
18810
18825
18660
18683
18784
18794
18796
18798
18818
18819
18830
18648
18657
18659
18661
18663
18665
18667
18671
18640
18676
18679
18686
18691
18703
18705
18710
18713
18716
18717
18723
18726
18731
18744
18746
18748
18754
18756
18769
18770
18772
18786
18788
18789
18911
18912
18917
18831
18832
18842
18876
18879
18882
18890
18891
18893
18895
18922
18925
18926
18929
18938
18941
18943
18896
18897
18898
18902
18910
18915
18919
18845
18847
18849
18850
18851
18852
18853
18855
18865
18866
18871
18899
18950
18951
19139
18947
19143
19144
18979
19006
19013
19019
19031
19073
19136
19141
19142
19147
19148
18980
19003
19152
19153
18981
19005
18985
18986
18987
18995
19032
19035
19044
19046
18997
19053
19057
19059
19061
18956
19062
19072
18962
19001
19078
19081
18974
19095
18977
19096
19104
19108
19112
19113
19121
19127
19131
19132
19207
19217
19233
19234
19238
19256
19258
19272
19273
19154
19282
19283
19299
19159
19165
19300
19166
19171
19177
19178
19313
19316
19321
19326
19332
19334
19339
19343
19344
19345
19185
19199
19201
19230
19305
19181
19187
19193
19390
19354
19409
19413
19371
19438
19441
19349
19448
19465
19389
19397
19361
19366
19421
19424
19428
19433
19434
19435
19375
19442
19383
19388
19453
19463
19353
19466
19467
19468
19476
19479
19490
19508
19399
19355
19363
19447
19464
19472
19473
19480
19483
19488
19505
19507
19511
19518
19519
19529
19530
19541
19546
19555
19557
19586
19592
19593
19565
19573
19579
19589
19598
19600
19601
19618
19633
19634
19638
19656
19660
19670
19715
19640
19642
19649
19658
19667
19673
19680
19681
19686
19716
19688
19719
19558
19694
19705
19707
19560
19561
19708
19567
19575
19790
19901
19905
19798
19805
19888
19933
19720
19724
19803
19815
19820
19822
19826
19830
19840
19746
19755
19848
19859
19879
19927
19784
19882
19887
19893
19789
19940
19895
19941
19954
19896
19965
20029
20067
20130
27400
26695
27653
27646
27658
19723
19727
19732
19736
19743
19776
19862
19910
19780
19782
19873
19880
19932
27659
27670
27474
27719
27325
27350
27687
25087
27183
27727
27721
27502
27604
27718
27692
27680
27288
27290
27684
27677
27382
27702
27698
27673
27699
27700
27568
27239
27383
27709
27505
